<?xml version="1.0"?>
<opencv_storage>
<centroids type_id="opencv-matrix">
  <rows>10</rows>
  <cols>1</cols>
  <dt>"3u"</dt>
  <data>
    82 97 70 128 133 131 124 133 130 202 209 206 159 166 163 92 101 104
    183 186 171 74 79 70 152 157 155 70 68 68</data></centroids>
</opencv_storage>
