<?xml version="1.0"?>
<opencv_storage>
<centroids type_id="opencv-matrix">
  <rows>10</rows>
  <cols>1</cols>
  <dt>"3u"</dt>
  <data>
    105 181 203 142 166 148 126 139 113 134 219 234 83 151 170 112 186
    210 97 162 190 108 102 67 96 169 191 114 192 215</data></centroids>
</opencv_storage>
