<?xml version="1.0"?>
<opencv_storage>
<centroids type_id="opencv-matrix">
  <rows>6</rows>
  <cols>1</cols>
  <dt>"3u"</dt>
  <data>
    183 230 238 32 49 68 50 68 99 195 237 249 150 201 204 77 134 143</data></centroids>
</opencv_storage>
