<?xml version="1.0"?>
<opencv_storage>
<centroids type_id="opencv-matrix">
  <rows>6</rows>
  <cols>1</cols>
  <dt>"3u"</dt>
  <data>
    189 235 243 92 151 177 32 67 100 187 233 241 185 232 240 97 166 175</data></centroids>
</opencv_storage>
