<?xml version="1.0"?>
<opencv_storage>
<centroids type_id="opencv-matrix">
  <rows>6</rows>
  <cols>1</cols>
  <dt>"3u"</dt>
  <data>
    184 231 239 40 71 96 21 39 40 43 57 79 187 235 241 201 247 254</data></centroids>
</opencv_storage>
