<?xml version="1.0"?>
<opencv_storage>
<centroids type_id="opencv-matrix">
  <rows>6</rows>
  <cols>1</cols>
  <dt>"3u"</dt>
  <data>
    27 47 52 196 241 252 184 231 239 82 150 163 198 243 254 172 226 237</data></centroids>
</opencv_storage>
