<?xml version="1.0"?>
<opencv_storage>
<centroids type_id="opencv-matrix">
  <rows>6</rows>
  <cols>1</cols>
  <dt>"3u"</dt>
  <data>
    64 118 153 75 135 171 68 118 130 50 69 104 40 79 117 180 226 234</data></centroids>
</opencv_storage>
