<?xml version="1.0"?>
<opencv_storage>
<centroids type_id="opencv-matrix">
  <rows>6</rows>
  <cols>1</cols>
  <dt>"3u"</dt>
  <data>
    151 206 215 141 196 203 26 48 53 39 58 79 182 229 237 58 75 102</data></centroids>
</opencv_storage>
