<?xml version="1.0"?>
<opencv_storage>
<centroids type_id="opencv-matrix">
  <rows>6</rows>
  <cols>1</cols>
  <dt>"3u"</dt>
  <data>
    168 217 225 185 232 240 126 193 208 75 137 148 92 159 168 44 61 94</data></centroids>
</opencv_storage>
