<?xml version="1.0"?>
<opencv_storage>
<centroids type_id="opencv-matrix">
  <rows>6</rows>
  <cols>1</cols>
  <dt>"3u"</dt>
  <data>
    195 240 251 201 247 255 46 72 79 126 189 203 22 44 50 38 55 74</data></centroids>
</opencv_storage>
