<?xml version="1.0"?>
<opencv_storage>
<centroids type_id="opencv-matrix">
  <rows>6</rows>
  <cols>1</cols>
  <dt>"3u"</dt>
  <data>
    179 226 234 36 56 81 161 215 226 187 238 248 182 229 237 197 242 253</data></centroids>
</opencv_storage>
