<?xml version="1.0"?>
<opencv_storage>
<centroids type_id="opencv-matrix">
  <rows>6</rows>
  <cols>1</cols>
  <dt>"3u"</dt>
  <data>
    195 240 251 183 232 242 174 221 229 215 252 255 110 161 194 178 227
    235</data></centroids>
</opencv_storage>
