<?xml version="1.0"?>
<opencv_storage>
<centroids type_id="opencv-matrix">
  <rows>6</rows>
  <cols>1</cols>
  <dt>"3u"</dt>
  <data>
    44 61 82 65 121 150 69 131 167 186 234 246 41 60 81 52 103 113</data></centroids>
</opencv_storage>
