<?xml version="1.0"?>
<opencv_storage>
<centroids type_id="opencv-matrix">
  <rows>6</rows>
  <cols>1</cols>
  <dt>"3u"</dt>
  <data>
    69 126 171 185 232 240 183 230 238 51 67 90 19 43 55 81 141 153</data></centroids>
</opencv_storage>
