<?xml version="1.0"?>
<opencv_storage>
<centroids type_id="opencv-matrix">
  <rows>6</rows>
  <cols>1</cols>
  <dt>"3u"</dt>
  <data>
    192 242 254 76 137 177 37 61 61 53 72 107 180 232 239 39 56 75</data></centroids>
</opencv_storage>
