<?xml version="1.0"?>
<opencv_storage>
<centroids type_id="opencv-matrix">
  <rows>6</rows>
  <cols>1</cols>
  <dt>"3u"</dt>
  <data>
    46 62 85 127 186 195 113 181 194 110 174 198 64 97 143 46 84 114</data></centroids>
</opencv_storage>
