<?xml version="1.0"?>
<opencv_storage>
<centroids type_id="opencv-matrix">
  <rows>6</rows>
  <cols>1</cols>
  <dt>"3u"</dt>
  <data>
    196 241 252 196 241 252 180 228 240 40 63 95 66 120 161 39 55 78</data></centroids>
</opencv_storage>
