<?xml version="1.0"?>
<opencv_storage>
<centroids type_id="opencv-matrix">
  <rows>6</rows>
  <cols>1</cols>
  <dt>"3u"</dt>
  <data>
    56 84 85 31 57 74 181 227 234 84 149 177 186 233 241 37 71 101</data></centroids>
</opencv_storage>
