<?xml version="1.0"?>
<opencv_storage>
<centroids type_id="opencv-matrix">
  <rows>6</rows>
  <cols>1</cols>
  <dt>"3u"</dt>
  <data>
    48 64 87 111 173 191 53 91 123 126 184 189 201 247 255 42 58 87</data></centroids>
</opencv_storage>
