<?xml version="1.0"?>
<opencv_storage>
<centroids type_id="opencv-matrix">
  <rows>6</rows>
  <cols>1</cols>
  <dt>"3u"</dt>
  <data>
    184 231 239 182 229 237 77 144 183 83 140 179 132 196 207 51 67 90</data></centroids>
</opencv_storage>
