<?xml version="1.0"?>
<opencv_storage>
<centroids type_id="opencv-matrix">
  <rows>6</rows>
  <cols>1</cols>
  <dt>"3u"</dt>
  <data>
    125 191 202 31 56 76 38 59 81 28 63 103 84 143 175 153 203 209</data></centroids>
</opencv_storage>
