<?xml version="1.0"?>
<opencv_storage>
<centroids type_id="opencv-matrix">
  <rows>6</rows>
  <cols>1</cols>
  <dt>"3u"</dt>
  <data>
    106 168 186 85 137 183 47 61 83 190 235 246 51 92 131 70 126 137</data></centroids>
</opencv_storage>
