<?xml version="1.0"?>
<opencv_storage>
<centroids type_id="opencv-matrix">
  <rows>6</rows>
  <cols>1</cols>
  <dt>"3u"</dt>
  <data>
    187 235 247 38 55 76 183 230 238 41 56 75 55 113 149 175 222 230</data></centroids>
</opencv_storage>
