<?xml version="1.0"?>
<opencv_storage>
<centroids type_id="opencv-matrix">
  <rows>6</rows>
  <cols>1</cols>
  <dt>"3u"</dt>
  <data>
    154 150 155 119 103 91 144 134 134 132 118 112 138 126 124 143 133
    133</data></centroids>
</opencv_storage>
