<?xml version="1.0"?>
<opencv_storage>
<centroids type_id="opencv-matrix">
  <rows>6</rows>
  <cols>1</cols>
  <dt>"3u"</dt>
  <data>
    113 90 74 145 139 140 117 95 83 140 128 126 132 121 117 151 144 147</data></centroids>
</opencv_storage>
