<?xml version="1.0"?>
<opencv_storage>
<centroids type_id="opencv-matrix">
  <rows>6</rows>
  <cols>1</cols>
  <dt>"3u"</dt>
  <data>
    137 125 119 139 130 127 142 137 136 145 135 135 139 127 123 152 145
    148</data></centroids>
</opencv_storage>
