<?xml version="1.0"?>
<opencv_storage>
<centroids type_id="opencv-matrix">
  <rows>6</rows>
  <cols>1</cols>
  <dt>"3u"</dt>
  <data>
    120 104 97 137 125 121 134 118 111 129 113 107 123 107 100 140 127
    125</data></centroids>
</opencv_storage>
