<?xml version="1.0"?>
<opencv_storage>
<centroids type_id="opencv-matrix">
  <rows>6</rows>
  <cols>1</cols>
  <dt>"3u"</dt>
  <data>
    133 120 112 151 144 147 150 143 146 139 131 131 150 142 143 145 133
    131</data></centroids>
</opencv_storage>
