<?xml version="1.0"?>
<opencv_storage>
<centroids type_id="opencv-matrix">
  <rows>6</rows>
  <cols>1</cols>
  <dt>"3u"</dt>
  <data>
    140 129 125 119 97 85 135 124 120 137 125 121 9 24 16 148 142 143</data></centroids>
</opencv_storage>
