<?xml version="1.0"?>
<opencv_storage>
<centroids type_id="opencv-matrix">
  <rows>6</rows>
  <cols>1</cols>
  <dt>"3u"</dt>
  <data>
    143 134 131 132 116 109 133 124 120 137 126 122 111 84 64 142 132
    132</data></centroids>
</opencv_storage>
