<?xml version="1.0"?>
<opencv_storage>
<centroids type_id="opencv-matrix">
  <rows>6</rows>
  <cols>1</cols>
  <dt>"3u"</dt>
  <data>
    130 114 107 129 115 109 134 123 119 138 126 124 148 140 140 144 136
    136</data></centroids>
</opencv_storage>
