<?xml version="1.0"?>
<opencv_storage>
<centroids type_id="opencv-matrix">
  <rows>6</rows>
  <cols>1</cols>
  <dt>"3u"</dt>
  <data>
    131 117 111 9 28 19 141 133 133 10 20 14 130 117 109 141 129 127</data></centroids>
</opencv_storage>
