<?xml version="1.0"?>
<opencv_storage>
<centroids type_id="opencv-matrix">
  <rows>6</rows>
  <cols>1</cols>
  <dt>"3u"</dt>
  <data>
    138 126 122 129 115 109 128 115 107 141 134 131 106 72 43 114 91 75</data></centroids>
</opencv_storage>
