<?xml version="1.0"?>
<opencv_storage>
<centroids type_id="opencv-matrix">
  <rows>6</rows>
  <cols>1</cols>
  <dt>"3u"</dt>
  <data>
    143 137 138 126 109 100 126 109 100 132 121 117 148 140 141 123 107
    100</data></centroids>
</opencv_storage>
