<?xml version="1.0"?>
<opencv_storage>
<centroids type_id="opencv-matrix">
  <rows>6</rows>
  <cols>1</cols>
  <dt>"3u"</dt>
  <data>
    132 121 113 149 143 144 140 130 130 8 22 16 150 142 143 124 111 103</data></centroids>
</opencv_storage>
