<?xml version="1.0"?>
<opencv_storage>
<centroids type_id="opencv-matrix">
  <rows>6</rows>
  <cols>1</cols>
  <dt>"3u"</dt>
  <data>
    128 118 111 122 107 98 144 132 130 141 132 129 138 126 122 133 122
    118</data></centroids>
</opencv_storage>
