<?xml version="1.0"?>
<opencv_storage>
<centroids type_id="opencv-matrix">
  <rows>6</rows>
  <cols>1</cols>
  <dt>"3u"</dt>
  <data>
    143 133 133 145 137 137 141 133 133 141 129 127 124 107 98 133 124
    121</data></centroids>
</opencv_storage>
