<?xml version="1.0"?>
<opencv_storage>
<centroids type_id="opencv-matrix">
  <rows>6</rows>
  <cols>1</cols>
  <dt>"3u"</dt>
  <data>
    150 142 143 136 124 122 128 114 108 128 112 105 110 80 61 148 142
    143</data></centroids>
</opencv_storage>
