<?xml version="1.0"?>
<opencv_storage>
<centroids type_id="opencv-matrix">
  <rows>6</rows>
  <cols>1</cols>
  <dt>"3u"</dt>
  <data>
    142 130 126 123 108 99 148 140 141 132 118 112 149 138 140 132 116
    109</data></centroids>
</opencv_storage>
