<?xml version="1.0"?>
<opencv_storage>
<centroids type_id="opencv-matrix">
  <rows>6</rows>
  <cols>1</cols>
  <dt>"3u"</dt>
  <data>
    0 0 0 149 139 139 132 120 114 141 131 131 119 101 90 147 141 142</data></centroids>
</opencv_storage>
