<?xml version="1.0"?>
<opencv_storage>
<centroids type_id="opencv-matrix">
  <rows>6</rows>
  <cols>1</cols>
  <dt>"3u"</dt>
  <data>
    129 117 111 124 108 101 124 108 96 140 129 125 140 131 128 135 121
    115</data></centroids>
</opencv_storage>
