<?xml version="1.0"?>
<opencv_storage>
<centroids type_id="opencv-matrix">
  <rows>6</rows>
  <cols>1</cols>
  <dt>"3u"</dt>
  <data>
    132 116 109 143 130 128 113 90 75 138 129 126 131 117 111 126 114
    108</data></centroids>
</opencv_storage>
