<?xml version="1.0"?>
<opencv_storage>
<centroids type_id="opencv-matrix">
  <rows>6</rows>
  <cols>1</cols>
  <dt>"3u"</dt>
  <data>
    149 141 142 151 143 144 130 118 112 146 138 138 133 127 122 138 127
    123</data></centroids>
</opencv_storage>
