<?xml version="1.0"?>
<opencv_storage>
<centroids type_id="opencv-matrix">
  <rows>6</rows>
  <cols>1</cols>
  <dt>"3u"</dt>
  <data>
    147 137 137 135 121 115 137 130 127 140 132 132 145 137 138 136 127
    123</data></centroids>
</opencv_storage>
