<?xml version="1.0"?>
<opencv_storage>
<centroids type_id="opencv-matrix">
  <rows>6</rows>
  <cols>1</cols>
  <dt>"3u"</dt>
  <data>
    123 107 100 135 126 123 140 127 125 3 5 5 140 131 128 21 38 27</data></centroids>
</opencv_storage>
