<?xml version="1.0"?>
<opencv_storage>
<centroids type_id="opencv-matrix">
  <rows>6</rows>
  <cols>1</cols>
  <dt>"3u"</dt>
  <data>
    136 127 123 144 134 134 151 146 148 132 122 115 146 140 141 137 132
    131</data></centroids>
</opencv_storage>
