<?xml version="1.0"?>
<opencv_storage>
<centroids type_id="opencv-matrix">
  <rows>6</rows>
  <cols>1</cols>
  <dt>"3u"</dt>
  <data>
    127 110 101 142 134 134 139 131 131 145 137 138 129 118 114 131 119
    113</data></centroids>
</opencv_storage>
