<?xml version="1.0"?>
<opencv_storage>
<centroids type_id="opencv-matrix">
  <rows>10</rows>
  <cols>1</cols>
  <dt>"3u"</dt>
  <data>
    193 206 174 198 216 185 146 128 97 193 208 177 199 217 186 195 210
    179 195 213 182 192 207 175 191 205 171 195 210 179</data></centroids>
</opencv_storage>
