<?xml version="1.0"?>
<opencv_storage>
<centroids type_id="opencv-matrix">
  <rows>10</rows>
  <cols>1</cols>
  <dt>"3u"</dt>
  <data>
    136 218 230 100 168 191 102 115 93 111 179 202 111 178 201 105 183
    206 160 171 138 87 154 177 96 161 182 100 168 191</data></centroids>
</opencv_storage>
