<?xml version="1.0"?>
<opencv_storage>
<centroids type_id="opencv-matrix">
  <rows>6</rows>
  <cols>1</cols>
  <dt>"3u"</dt>
  <data>
    218 254 254 48 53 38 194 240 241 44 47 31 47 73 80 128 155 159</data></centroids>
</opencv_storage>
