<?xml version="1.0"?>
<opencv_storage>
<centroids type_id="opencv-matrix">
  <rows>6</rows>
  <cols>1</cols>
  <dt>"3u"</dt>
  <data>
    216 255 255 46 51 36 216 255 255 223 255 255 98 132 132 201 241 240</data></centroids>
</opencv_storage>
