<?xml version="1.0"?>
<opencv_storage>
<centroids type_id="opencv-matrix">
  <rows>6</rows>
  <cols>1</cols>
  <dt>"3u"</dt>
  <data>
    46 63 50 202 246 247 51 77 107 41 53 41 168 212 213 213 253 255</data></centroids>
</opencv_storage>
