<?xml version="1.0"?>
<opencv_storage>
<centroids type_id="opencv-matrix">
  <rows>6</rows>
  <cols>1</cols>
  <dt>"3u"</dt>
  <data>
    50 60 44 42 52 40 211 252 255 206 253 251 194 230 238 52 66 55</data></centroids>
</opencv_storage>
