<?xml version="1.0"?>
<opencv_storage>
<centroids type_id="opencv-matrix">
  <rows>6</rows>
  <cols>1</cols>
  <dt>"3u"</dt>
  <data>
    219 255 255 190 240 246 217 255 255 209 255 255 41 51 39 222 251 255</data></centroids>
</opencv_storage>
