<?xml version="1.0"?>
<opencv_storage>
<centroids type_id="opencv-matrix">
  <rows>6</rows>
  <cols>1</cols>
  <dt>"3u"</dt>
  <data>
    38 112 118 214 255 255 220 255 255 74 115 110 214 255 255 42 52 39</data></centroids>
</opencv_storage>
