<?xml version="1.0"?>
<opencv_storage>
<centroids type_id="opencv-matrix">
  <rows>6</rows>
  <cols>1</cols>
  <dt>"3u"</dt>
  <data>
    217 253 255 218 255 253 179 227 228 44 53 40 49 52 36 205 254 252</data></centroids>
</opencv_storage>
