<?xml version="1.0"?>
<opencv_storage>
<centroids type_id="opencv-matrix">
  <rows>6</rows>
  <cols>1</cols>
  <dt>"3u"</dt>
  <data>
    47 116 126 218 255 255 65 93 87 115 136 133 102 129 125 43 52 39</data></centroids>
</opencv_storage>
