<?xml version="1.0"?>
<opencv_storage>
<centroids type_id="opencv-matrix">
  <rows>6</rows>
  <cols>1</cols>
  <dt>"3u"</dt>
  <data>
    56 89 109 225 255 255 47 57 45 193 237 244 77 107 112 216 255 254</data></centroids>
</opencv_storage>
