<?xml version="1.0"?>
<opencv_storage>
<centroids type_id="opencv-matrix">
  <rows>6</rows>
  <cols>1</cols>
  <dt>"3u"</dt>
  <data>
    52 59 44 43 44 28 185 218 214 210 248 248 13 35 40 220 255 255</data></centroids>
</opencv_storage>
