<?xml version="1.0"?>
<opencv_storage>
<centroids type_id="opencv-matrix">
  <rows>6</rows>
  <cols>1</cols>
  <dt>"3u"</dt>
  <data>
    53 96 99 31 125 131 143 174 177 57 87 58 197 237 242 125 166 169</data></centroids>
</opencv_storage>
