<?xml version="1.0"?>
<opencv_storage>
<centroids type_id="opencv-matrix">
  <rows>6</rows>
  <cols>1</cols>
  <dt>"3u"</dt>
  <data>
    214 253 255 195 227 238 105 131 137 52 57 42 29 52 68 219 254 255</data></centroids>
</opencv_storage>
