<?xml version="1.0"?>
<opencv_storage>
<centroids type_id="opencv-matrix">
  <rows>6</rows>
  <cols>1</cols>
  <dt>"3u"</dt>
  <data>
    196 228 234 172 204 203 45 54 41 46 73 69 53 67 55 214 240 240</data></centroids>
</opencv_storage>
