<?xml version="1.0"?>
<opencv_storage>
<centroids type_id="opencv-matrix">
  <rows>6</rows>
  <cols>1</cols>
  <dt>"3u"</dt>
  <data>
    46 53 40 217 252 255 173 209 219 47 57 41 217 255 254 123 164 173</data></centroids>
</opencv_storage>
