<?xml version="1.0"?>
<opencv_storage>
<centroids type_id="opencv-matrix">
  <rows>6</rows>
  <cols>1</cols>
  <dt>"3u"</dt>
  <data>
    43 60 47 210 254 255 211 255 255 42 50 39 221 255 255 44 53 40</data></centroids>
</opencv_storage>
