<?xml version="1.0"?>
<opencv_storage>
<centroids type_id="opencv-matrix">
  <rows>6</rows>
  <cols>1</cols>
  <dt>"3u"</dt>
  <data>
    114 123 120 175 173 165 169 173 168 189 190 180 101 105 99 189 195
    194</data></centroids>
</opencv_storage>
