<?xml version="1.0"?>
<opencv_storage>
<centroids type_id="opencv-matrix">
  <rows>6</rows>
  <cols>1</cols>
  <dt>"3u"</dt>
  <data>
    197 201 189 168 172 161 174 184 172 137 144 141 118 124 113 87 98 95</data></centroids>
</opencv_storage>
