<?xml version="1.0"?>
<opencv_storage>
<centroids type_id="opencv-matrix">
  <rows>6</rows>
  <cols>1</cols>
  <dt>"3u"</dt>
  <data>
    146 147 143 81 104 72 211 214 205 110 111 102 181 188 183 233 237
    232</data></centroids>
</opencv_storage>
