<?xml version="1.0"?>
<opencv_storage>
<centroids type_id="opencv-matrix">
  <rows>6</rows>
  <cols>1</cols>
  <dt>"3u"</dt>
  <data>
    114 121 124 92 105 83 230 232 226 155 163 163 63 68 66 155 152 138</data></centroids>
</opencv_storage>
