<?xml version="1.0"?>
<opencv_storage>
<centroids type_id="opencv-matrix">
  <rows>6</rows>
  <cols>1</cols>
  <dt>"3u"</dt>
  <data>
    165 170 161 74 81 78 163 173 167 204 208 196 171 172 168 174 181 174</data></centroids>
</opencv_storage>
