<?xml version="1.0"?>
<opencv_storage>
<centroids type_id="opencv-matrix">
  <rows>6</rows>
  <cols>1</cols>
  <dt>"3u"</dt>
  <data>
    214 221 208 45 53 46 139 149 143 184 188 182 113 125 103 206 210 199</data></centroids>
</opencv_storage>
