<?xml version="1.0"?>
<opencv_storage>
<centroids type_id="opencv-matrix">
  <rows>6</rows>
  <cols>1</cols>
  <dt>"3u"</dt>
  <data>
    169 174 172 167 177 171 192 196 185 47 55 45 190 189 175 103 110 103</data></centroids>
</opencv_storage>
