<?xml version="1.0"?>
<opencv_storage>
<centroids type_id="opencv-matrix">
  <rows>6</rows>
  <cols>1</cols>
  <dt>"3u"</dt>
  <data>
    218 220 220 217 223 212 199 199 187 199 200 196 203 207 196 114 115
    113</data></centroids>
</opencv_storage>
