<?xml version="1.0"?>
<opencv_storage>
<centroids type_id="opencv-matrix">
  <rows>6</rows>
  <cols>1</cols>
  <dt>"3u"</dt>
  <data>
    182 186 181 186 194 184 137 146 143 149 148 134 89 96 89 163 166 157</data></centroids>
</opencv_storage>
