<?xml version="1.0"?>
<opencv_storage>
<centroids type_id="opencv-matrix">
  <rows>6</rows>
  <cols>1</cols>
  <dt>"3u"</dt>
  <data>
    224 232 225 180 185 176 51 49 48 60 65 50 114 121 118 160 170 164</data></centroids>
</opencv_storage>
