<?xml version="1.0"?>
<opencv_storage>
<centroids type_id="opencv-matrix">
  <rows>6</rows>
  <cols>1</cols>
  <dt>"3u"</dt>
  <data>
    137 144 141 189 190 181 147 156 153 98 105 102 213 220 207 132 139
    136</data></centroids>
</opencv_storage>
