<?xml version="1.0"?>
<opencv_storage>
<centroids type_id="opencv-matrix">
  <rows>6</rows>
  <cols>1</cols>
  <dt>"3u"</dt>
  <data>
    0 0 0 149 153 148 61 67 56 118 129 121 103 109 104 194 202 201</data></centroids>
</opencv_storage>
