<?xml version="1.0"?>
<opencv_storage>
<centroids type_id="opencv-matrix">
  <rows>6</rows>
  <cols>1</cols>
  <dt>"3u"</dt>
  <data>
    177 186 183 131 135 130 209 210 201 144 153 150 189 195 184 78 93 61</data></centroids>
</opencv_storage>
