<?xml version="1.0"?>
<opencv_storage>
<centroids type_id="opencv-matrix">
  <rows>6</rows>
  <cols>1</cols>
  <dt>"3u"</dt>
  <data>
    189 190 181 171 167 156 189 201 195 76 85 72 83 96 88 46 56 56</data></centroids>
</opencv_storage>
