<?xml version="1.0"?>
<opencv_storage>
<centroids type_id="opencv-matrix">
  <rows>6</rows>
  <cols>1</cols>
  <dt>"3u"</dt>
  <data>
    93 98 96 182 191 188 91 112 80 204 209 212 118 122 116 187 188 179</data></centroids>
</opencv_storage>
