<?xml version="1.0"?>
<opencv_storage>
<centroids type_id="opencv-matrix">
  <rows>6</rows>
  <cols>1</cols>
  <dt>"3u"</dt>
  <data>
    94 101 86 171 176 174 126 132 127 64 73 60 193 205 205 62 62 62</data></centroids>
</opencv_storage>
