<?xml version="1.0"?>
<opencv_storage>
<centroids type_id="opencv-matrix">
  <rows>6</rows>
  <cols>1</cols>
  <dt>"3u"</dt>
  <data>
    177 182 173 171 170 160 197 197 181 149 153 147 182 180 172 195 197
    185</data></centroids>
</opencv_storage>
