<?xml version="1.0"?>
<opencv_storage>
<centroids type_id="opencv-matrix">
  <rows>6</rows>
  <cols>1</cols>
  <dt>"3u"</dt>
  <data>
    175 172 157 188 189 173 143 151 144 185 187 175 186 190 178 76 85 65</data></centroids>
</opencv_storage>
