<?xml version="1.0"?>
<opencv_storage>
<centroids type_id="opencv-matrix">
  <rows>6</rows>
  <cols>1</cols>
  <dt>"3u"</dt>
  <data>
    177 184 179 180 181 171 255 255 252 205 210 201 188 191 175 175 176
    160</data></centroids>
</opencv_storage>
