<?xml version="1.0"?>
<opencv_storage>
<centroids type_id="opencv-matrix">
  <rows>6</rows>
  <cols>1</cols>
  <dt>"3u"</dt>
  <data>
    131 132 128 202 213 211 129 133 127 127 136 133 91 95 84 185 189 178</data></centroids>
</opencv_storage>
