<?xml version="1.0"?>
<opencv_storage>
<centroids type_id="opencv-matrix">
  <rows>6</rows>
  <cols>1</cols>
  <dt>"3u"</dt>
  <data>
    135 142 139 176 183 178 226 230 218 124 125 121 111 125 101 157 163
    158</data></centroids>
</opencv_storage>
