<?xml version="1.0"?>
<opencv_storage>
<centroids type_id="opencv-matrix">
  <rows>10</rows>
  <cols>1</cols>
  <dt>"3u"</dt>
  <data>
    108 87 59 108 94 72 39 36 31 255 253 251 252 236 219 211 199 189 38
    29 15 132 119 97 60 52 39 27 27 11</data></centroids>
</opencv_storage>
