<?xml version="1.0"?>
<opencv_storage>
<centroids type_id="opencv-matrix">
  <rows>10</rows>
  <cols>1</cols>
  <dt>"3u"</dt>
  <data>
    104 182 205 100 162 180 71 118 132 151 177 159 161 177 146 119 153
    142 111 116 87 115 191 210 151 194 185 117 196 217</data></centroids>
</opencv_storage>
