<?xml version="1.0"?>
<opencv_storage>
<centroids type_id="opencv-matrix">
  <rows>10</rows>
  <cols>1</cols>
  <dt>"3u"</dt>
  <data>
    151 176 166 92 159 184 155 165 135 81 136 149 95 161 180 109 189 212
    113 185 203 95 166 186 123 136 110 123 206 227</data></centroids>
</opencv_storage>
