<?xml version="1.0"?>
<opencv_storage>
<centroids type_id="opencv-matrix">
  <rows>10</rows>
  <cols>1</cols>
  <dt>"3u"</dt>
  <data>
    115 194 215 90 157 178 82 157 179 100 104 75 90 95 68 144 153 126
    129 209 226 119 195 217 101 177 199 150 157 124</data></centroids>
</opencv_storage>
