<?xml version="1.0"?>
<opencv_storage>
<centroids type_id="opencv-matrix">
  <rows>10</rows>
  <cols>1</cols>
  <dt>"3u"</dt>
  <data>
    126 146 127 105 176 203 122 195 215 89 163 189 138 216 232 100 166
    191 85 144 163 115 195 218 62 107 128 129 211 229</data></centroids>
</opencv_storage>
