<?xml version="1.0"?>
<opencv_storage>
<centroids type_id="opencv-matrix">
  <rows>10</rows>
  <cols>1</cols>
  <dt>"3u"</dt>
  <data>
    76 141 162 95 100 73 67 131 155 145 172 162 126 199 221 113 190 209
    117 122 93 107 183 206 130 212 230 77 140 161</data></centroids>
</opencv_storage>
