<?xml version="1.0"?>
<opencv_storage>
<centroids type_id="opencv-matrix">
  <rows>10</rows>
  <cols>1</cols>
  <dt>"3u"</dt>
  <data>
    82 151 168 111 111 81 133 131 97 0 0 0 99 164 185 110 182 212 136
    146 116 109 179 202 85 150 171 81 134 155</data></centroids>
</opencv_storage>
