<?xml version="1.0"?>
<opencv_storage>
<centroids type_id="opencv-matrix">
  <rows>10</rows>
  <cols>1</cols>
  <dt>"3u"</dt>
  <data>
    126 138 118 101 171 195 123 204 225 105 179 203 131 129 98 143 176
    161 120 198 221 102 176 200 143 162 145 124 131 110</data></centroids>
</opencv_storage>
