<?xml version="1.0"?>
<opencv_storage>
<centroids type_id="opencv-matrix">
  <rows>10</rows>
  <cols>1</cols>
  <dt>"3u"</dt>
  <data>
    101 106 79 132 210 226 138 143 112 101 174 194 130 133 107 120 200
    223 115 193 216 129 217 231 145 170 150 122 205 226</data></centroids>
</opencv_storage>
