<?xml version="1.0"?>
<opencv_storage>
<centroids type_id="opencv-matrix">
  <rows>10</rows>
  <cols>1</cols>
  <dt>"3u"</dt>
  <data>
    86 137 157 86 155 175 102 106 81 97 164 185 126 208 226 158 169 136
    142 160 143 107 178 198 88 151 172 106 173 200</data></centroids>
</opencv_storage>
