<?xml version="1.0"?>
<opencv_storage>
<centroids type_id="opencv-matrix">
  <rows>10</rows>
  <cols>1</cols>
  <dt>"3u"</dt>
  <data>
    145 160 133 158 190 173 97 163 182 121 202 223 56 115 131 87 153 172
    121 199 222 133 219 239 100 104 75 114 119 92</data></centroids>
</opencv_storage>
