<?xml version="1.0"?>
<opencv_storage>
<centroids type_id="opencv-matrix">
  <rows>10</rows>
  <cols>1</cols>
  <dt>"3u"</dt>
  <data>
    43 55 59 198 218 189 10 19 28 192 203 170 191 207 176 195 210 179
    198 216 187 48 59 33 194 209 178 189 205 171</data></centroids>
</opencv_storage>
