<?xml version="1.0"?>
<opencv_storage>
<centroids type_id="opencv-matrix">
  <rows>10</rows>
  <cols>1</cols>
  <dt>"3u"</dt>
  <data>
    172 175 166 159 163 158 170 173 158 147 155 145 151 159 158 61 76 45
    133 137 132 194 194 176 162 169 166 173 181 171</data></centroids>
</opencv_storage>
