<?xml version="1.0"?>
<opencv_storage>
<centroids type_id="opencv-matrix">
  <rows>10</rows>
  <cols>1</cols>
  <dt>"3u"</dt>
  <data>
    165 164 150 212 215 200 133 135 135 84 110 74 149 152 150 102 108
    103 96 106 89 203 201 190 182 183 174 169 180 178</data></centroids>
</opencv_storage>
