<?xml version="1.0"?>
<opencv_storage>
<centroids type_id="opencv-matrix">
  <rows>10</rows>
  <cols>1</cols>
  <dt>"3u"</dt>
  <data>
    52 52 52 180 185 183 190 193 178 208 209 193 218 223 214 154 162 161
    216 216 202 161 167 162 53 59 48 184 188 183</data></centroids>
</opencv_storage>
