<?xml version="1.0"?>
<opencv_storage>
<centroids type_id="opencv-matrix">
  <rows>10</rows>
  <cols>1</cols>
  <dt>"3u"</dt>
  <data>
    219 226 221 186 193 180 191 195 189 166 165 155 156 159 150 101 105
    99 198 196 185 126 130 125 201 206 191 88 101 77</data></centroids>
</opencv_storage>
