<?xml version="1.0"?>
<opencv_storage>
<centroids type_id="opencv-matrix">
  <rows>10</rows>
  <cols>1</cols>
  <dt>"3u"</dt>
  <data>
    126 131 122 78 95 62 141 148 143 199 209 193 180 183 174 215 222 215
    193 198 189 190 192 186 68 86 57 179 187 186</data></centroids>
</opencv_storage>
