<?xml version="1.0"?>
<opencv_storage>
<centroids type_id="opencv-matrix">
  <rows>10</rows>
  <cols>1</cols>
  <dt>"3u"</dt>
  <data>
    138 145 140 221 222 212 179 180 170 210 215 206 162 164 152 167 175
    165 196 203 196 132 139 134 114 120 115 213 218 203</data></centroids>
</opencv_storage>
