<?xml version="1.0"?>
<opencv_storage>
<centroids type_id="opencv-matrix">
  <rows>10</rows>
  <cols>1</cols>
  <dt>"3u"</dt>
  <data>
    156 162 157 98 108 91 167 175 174 156 161 152 185 194 191 118 127
    124 157 164 157 66 90 60 159 169 163 57 57 57</data></centroids>
</opencv_storage>
