<?xml version="1.0"?>
<opencv_storage>
<centroids type_id="opencv-matrix">
  <rows>10</rows>
  <cols>1</cols>
  <dt>"3u"</dt>
  <data>
    175 175 169 85 95 72 206 214 213 44 44 44 188 188 174 71 72 70 166
    168 168 121 126 117 153 160 155 104 111 108</data></centroids>
</opencv_storage>
