<?xml version="1.0"?>
<opencv_storage>
<centroids type_id="opencv-matrix">
  <rows>10</rows>
  <cols>1</cols>
  <dt>"3u"</dt>
  <data>
    139 149 143 210 217 214 192 195 180 122 120 120 141 144 135 206 207
    198 163 171 170 158 165 162 135 139 133 191 192 176</data></centroids>
</opencv_storage>
