<?xml version="1.0"?>
<opencv_storage>
<centroids type_id="opencv-matrix">
  <rows>10</rows>
  <cols>1</cols>
  <dt>"3u"</dt>
  <data>
    242 243 233 168 172 167 184 187 178 84 88 76 56 66 49 176 180 174
    100 112 114 124 133 130 189 191 179 69 80 64</data></centroids>
</opencv_storage>
