<?xml version="1.0"?>
<opencv_storage>
<centroids type_id="opencv-matrix">
  <rows>10</rows>
  <cols>1</cols>
  <dt>"3u"</dt>
  <data>
    145 153 153 89 104 77 114 119 117 176 177 161 132 144 146 115 138
    100 133 139 138 90 118 82 131 138 135 181 186 177</data></centroids>
</opencv_storage>
