<?xml version="1.0"?>
<opencv_storage>
<centroids type_id="opencv-matrix">
  <rows>10</rows>
  <cols>1</cols>
  <dt>"3u"</dt>
  <data>
    215 222 219 161 161 149 112 117 108 154 162 161 166 173 168 185 189
    177 189 192 176 152 158 147 175 181 176 125 129 123</data></centroids>
</opencv_storage>
