<?xml version="1.0"?>
<opencv_storage>
<centroids type_id="opencv-matrix">
  <rows>10</rows>
  <cols>1</cols>
  <dt>"3u"</dt>
  <data>
    71 77 72 116 126 126 150 153 151 224 227 212 194 197 188 178 182 171
    81 81 81 181 184 168 203 203 191 0 0 0</data></centroids>
</opencv_storage>
