<?xml version="1.0"?>
<opencv_storage>
<centroids type_id="opencv-matrix">
  <rows>10</rows>
  <cols>1</cols>
  <dt>"3u"</dt>
  <data>
    166 174 173 70 81 65 135 144 141 201 209 208 131 135 129 129 136 139
    83 85 79 190 191 182 193 196 194 64 71 64</data></centroids>
</opencv_storage>
