<?xml version="1.0"?>
<opencv_storage>
<centroids type_id="opencv-matrix">
  <rows>10</rows>
  <cols>1</cols>
  <dt>"3u"</dt>
  <data>
    223 229 218 191 193 187 104 112 102 75 83 66 122 129 122 84 90 85
    172 173 163 210 214 203 154 160 155 164 171 168</data></centroids>
</opencv_storage>
