<?xml version="1.0"?>
<opencv_storage>
<centroids type_id="opencv-matrix">
  <rows>10</rows>
  <cols>1</cols>
  <dt>"3u"</dt>
  <data>
    173 173 167 171 175 164 168 171 169 181 182 173 174 180 179 221 225
    220 169 177 176 170 169 155 120 131 129 194 198 187</data></centroids>
</opencv_storage>
