<?xml version="1.0"?>
<opencv_storage>
<centroids type_id="opencv-matrix">
  <rows>10</rows>
  <cols>1</cols>
  <dt>"3u"</dt>
  <data>
    185 191 180 182 187 178 133 141 140 169 169 153 102 115 89 112 116
    110 173 179 178 173 178 163 204 206 194 179 184 182</data></centroids>
</opencv_storage>
