<?xml version="1.0"?>
<opencv_storage>
<centroids type_id="opencv-matrix">
  <rows>10</rows>
  <cols>1</cols>
  <dt>"3u"</dt>
  <data>
    153 155 149 160 169 166 161 166 164 149 155 150 162 170 169 172 177
    175 105 102 97 135 143 142 177 189 183 183 194 191</data></centroids>
</opencv_storage>
