<?xml version="1.0"?>
<opencv_storage>
<centroids type_id="opencv-matrix">
  <rows>18</rows>
  <cols>1</cols>
  <dt>"3u"</dt>
  <data>
    216 223 220 130 136 125 41 43 43 173 177 171 181 189 188 87 108 76
    228 231 229 178 178 166 166 173 168 189 196 189 216 222 217 94 109
    81 164 170 169 208 215 208 183 190 187 173 178 169 84 88 83 182 193
    191</data></centroids>
</opencv_storage>
