<?xml version="1.0"?>
<opencv_storage>
<centroids type_id="opencv-matrix">
  <rows>18</rows>
  <cols>1</cols>
  <dt>"3u"</dt>
  <data>
    190 193 177 210 212 206 199 204 203 141 149 148 161 169 169 146 154
    153 178 180 174 103 110 107 76 91 63 73 85 63 190 195 186 78 82 76
    56 60 55 199 202 186 206 210 204 104 111 104 168 175 172 164 171 164</data></centroids>
</opencv_storage>
