<?xml version="1.0"?>
<opencv_storage>
<centroids type_id="opencv-matrix">
  <rows>18</rows>
  <cols>1</cols>
  <dt>"3u"</dt>
  <data>
    48 56 39 169 173 162 157 165 164 115 124 121 177 185 175 147 148 139
    95 102 97 70 77 64 125 133 132 198 197 187 173 172 162 144 153 150
    188 197 194 217 220 211 180 181 179 157 164 159 97 107 101 44 57 41</data></centroids>
</opencv_storage>
