<?xml version="1.0"?>
<opencv_storage>
<centroids type_id="opencv-matrix">
  <rows>18</rows>
  <cols>1</cols>
  <dt>"3u"</dt>
  <data>
    140 150 150 162 172 172 184 189 188 140 149 146 178 182 177 122 122
    116 182 181 167 193 198 196 159 167 167 175 176 174 201 201 189 214
    220 215 135 139 134 156 161 159 161 167 162 97 100 98 204 208 197
    160 169 166</data></centroids>
</opencv_storage>
