<?xml version="1.0"?>
<opencv_storage>
<centroids type_id="opencv-matrix">
  <rows>18</rows>
  <cols>1</cols>
  <dt>"3u"</dt>
  <data>
    98 96 96 163 169 164 149 154 152 89 113 81 88 101 79 192 197 195 204
    208 202 175 182 167 93 117 82 153 160 153 143 150 147 140 145 143
    111 130 97 160 165 156 86 98 80 140 141 131 145 152 149 169 172 163</data></centroids>
</opencv_storage>
