<?xml version="1.0"?>
<opencv_storage>
<centroids type_id="opencv-matrix">
  <rows>18</rows>
  <cols>1</cols>
  <dt>"3u"</dt>
  <data>
    221 225 213 194 198 187 151 155 149 142 143 139 195 198 182 96 112
    89 166 173 170 120 127 122 186 195 182 122 128 123 165 171 160 175
    182 175 150 156 151 168 173 164 152 161 158 78 84 79 196 194 184 138
    145 148</data></centroids>
</opencv_storage>
