<?xml version="1.0"?>
<opencv_storage>
<centroids type_id="opencv-matrix">
  <rows>18</rows>
  <cols>1</cols>
  <dt>"3u"</dt>
  <data>
    181 187 176 177 182 183 157 163 158 158 159 155 145 157 151 199 200
    191 106 109 100 152 158 153 167 174 167 148 158 158 98 100 94 87 88
    86 189 194 185 49 46 48 52 56 51 168 176 169 132 139 134 123 132 129</data></centroids>
</opencv_storage>
