<?xml version="1.0"?>
<opencv_storage>
<centroids type_id="opencv-matrix">
  <rows>18</rows>
  <cols>1</cols>
  <dt>"3u"</dt>
  <data>
    136 145 142 203 210 205 213 219 214 173 183 177 153 157 151 154 159
    150 170 175 166 206 209 200 191 196 195 173 180 177 136 147 137 177
    178 162 120 127 120 216 222 217 138 140 134 162 159 144 130 136 131
    176 184 183</data></centroids>
</opencv_storage>
