<?xml version="1.0"?>
<opencv_storage>
<centroids type_id="opencv-matrix">
  <rows>18</rows>
  <cols>1</cols>
  <dt>"3u"</dt>
  <data>
    112 136 104 137 140 131 162 170 160 175 186 184 167 171 159 213 220
    213 100 106 101 81 88 85 82 100 69 127 134 131 221 224 215 170 184
    183 160 168 167 173 178 169 171 182 179 124 125 123 165 173 166 183
    189 188</data></centroids>
</opencv_storage>
