<?xml version="1.0"?>
<opencv_storage>
<centroids type_id="opencv-matrix">
  <rows>18</rows>
  <cols>1</cols>
  <dt>"3u"</dt>
  <data>
    193 199 194 137 142 133 72 80 63 145 142 128 125 143 114 89 108 81
    230 236 231 226 232 227 193 197 192 159 162 160 190 198 197 137 143
    138 177 180 171 193 199 188 71 73 67 158 163 161 201 204 189 51 52
    50</data></centroids>
</opencv_storage>
