<?xml version="1.0"?>
<opencv_storage>
<centroids type_id="opencv-matrix">
  <rows>18</rows>
  <cols>1</cols>
  <dt>"3u"</dt>
  <data>
    70 75 76 214 218 212 109 110 100 105 106 96 116 124 123 84 82 81 188
    192 181 150 151 147 176 178 172 79 87 77 190 200 194 110 113 104 70
    84 66 163 170 167 172 178 173 211 213 201 106 101 103 49 50 48</data></centroids>
</opencv_storage>
