<?xml version="1.0"?>
<opencv_storage>
<centroids type_id="opencv-matrix">
  <rows>18</rows>
  <cols>1</cols>
  <dt>"3u"</dt>
  <data>
    208 208 196 181 190 187 239 243 238 172 174 162 86 111 73 190 192
    186 129 133 127 170 175 176 66 66 60 176 177 168 88 97 94 81 98 71
    156 156 140 83 94 68 166 173 170 131 139 139 174 180 169 180 178 167</data></centroids>
</opencv_storage>
