<?xml version="1.0"?>
<opencv_storage>
<centroids type_id="opencv-matrix">
  <rows>18</rows>
  <cols>1</cols>
  <dt>"3u"</dt>
  <data>
    175 177 171 190 194 188 150 151 142 139 152 150 62 67 58 174 175 171
    188 196 189 167 171 166 145 154 151 168 173 171 184 188 177 156 160
    154 95 108 92 159 172 156 193 194 185 192 195 186 179 184 182 137
    147 147</data></centroids>
</opencv_storage>
