<?xml version="1.0"?>
<opencv_storage>
<centroids type_id="opencv-matrix">
  <rows>18</rows>
  <cols>1</cols>
  <dt>"3u"</dt>
  <data>
    209 213 201 173 176 174 134 139 137 191 195 189 147 152 143 173 180
    177 169 175 170 82 88 83 122 128 127 104 108 102 212 218 217 121 127
    122 129 140 138 95 101 96 155 160 151 175 183 176 164 163 153 210
    217 210</data></centroids>
</opencv_storage>
