<?xml version="1.0"?>
<opencv_storage>
<centroids type_id="opencv-matrix">
  <rows>18</rows>
  <cols>1</cols>
  <dt>"3u"</dt>
  <data>
    191 206 175 195 210 178 197 212 181 194 206 176 196 211 180 191 206
    175 194 206 176 156 143 111 206 221 193 190 204 170 35 18 29 194 209
    178 198 218 189 191 208 174 197 215 186 186 193 158 204 220 186 191
    205 171</data></centroids>
</opencv_storage>
