<?xml version="1.0"?>
<opencv_storage>
<centroids type_id="opencv-matrix">
  <rows>18</rows>
  <cols>1</cols>
  <dt>"3u"</dt>
  <data>
    187 196 163 193 208 177 192 207 176 191 204 172 197 217 188 196 214
    183 32 62 87 195 213 182 193 208 177 190 197 164 194 207 175 191 207
    176 31 65 95 196 211 180 195 210 179 27 44 47 194 206 176 197 217
    188</data></centroids>
</opencv_storage>
