<?xml version="1.0"?>
<opencv_storage>
<centroids type_id="opencv-matrix">
  <rows>18</rows>
  <cols>1</cols>
  <dt>"3u"</dt>
  <data>
    192 203 170 32 47 43 192 205 173 61 84 92 197 212 181 189 200 167
    208 223 209 196 212 181 191 206 175 188 197 164 191 206 175 12 23 27
    18 35 44 193 205 175 25 53 77 197 213 182 193 213 178 188 199 166</data></centroids>
</opencv_storage>
