<?xml version="1.0"?>
<opencv_storage>
<centroids type_id="opencv-matrix">
  <rows>18</rows>
  <cols>1</cols>
  <dt>"3u"</dt>
  <data>
    192 207 176 192 207 176 207 220 182 43 57 55 194 209 178 191 202 170
    193 208 177 185 191 156 168 159 126 196 212 181 194 209 178 189 200
    167 36 44 44 196 211 180 193 205 175 8 23 32 183 190 155 192 204 174</data></centroids>
</opencv_storage>
