<?xml version="1.0"?>
<opencv_storage>
<centroids type_id="opencv-matrix">
  <rows>18</rows>
  <cols>1</cols>
  <dt>"3u"</dt>
  <data>
    170 161 128 184 195 162 196 217 192 25 31 30 195 210 179 190 201 169
    196 216 187 190 203 171 194 210 179 195 213 182 197 217 188 196 211
    180 189 200 167 193 208 176 194 209 178 192 203 170 188 197 164 194
    206 176</data></centroids>
</opencv_storage>
