<?xml version="1.0"?>
<opencv_storage>
<centroids type_id="opencv-matrix">
  <rows>18</rows>
  <cols>1</cols>
  <dt>"3u"</dt>
  <data>
    190 201 168 193 208 177 28 39 37 185 200 168 193 208 177 105 127 139
    194 216 188 192 207 175 45 50 51 50 72 90 157 148 115 190 202 172
    190 201 168 192 207 176 191 199 168 189 202 170 15 34 39 193 206 174</data></centroids>
</opencv_storage>
