<?xml version="1.0"?>
<opencv_storage>
<centroids type_id="opencv-matrix">
  <rows>18</rows>
  <cols>1</cols>
  <dt>"3u"</dt>
  <data>
    194 209 178 184 191 156 190 199 166 193 206 174 192 203 170 193 205
    175 36 43 46 198 216 185 39 72 88 189 199 163 64 95 110 110 118 107
    117 127 121 28 51 59 198 216 187 198 214 183 182 186 151 197 212 181</data></centroids>
</opencv_storage>
