<?xml version="1.0"?>
<opencv_storage>
<centroids type_id="opencv-matrix">
  <rows>18</rows>
  <cols>1</cols>
  <dt>"3u"</dt>
  <data>
    193 208 177 92 108 121 194 209 178 69 65 70 186 195 162 189 200 167
    194 206 176 196 212 181 84 103 124 194 209 178 193 205 175 193 208
    176 168 161 128 190 201 168 195 213 182 192 204 168 184 190 155 193
    213 184</data></centroids>
</opencv_storage>
