<?xml version="1.0"?>
<opencv_storage>
<centroids type_id="opencv-matrix">
  <rows>18</rows>
  <cols>1</cols>
  <dt>"3u"</dt>
  <data>
    190 201 168 195 213 184 196 211 180 36 45 49 191 206 175 195 213 182
    189 202 170 193 208 176 22 35 37 192 207 176 195 220 182 53 72 80
    194 209 178 24 36 40 155 158 132 188 199 166 194 209 178 187 194 161</data></centroids>
</opencv_storage>
