<?xml version="1.0"?>
<opencv_storage>
<centroids type_id="opencv-matrix">
  <rows>18</rows>
  <cols>1</cols>
  <dt>"3u"</dt>
  <data>
    25 43 50 196 211 180 194 207 175 197 217 188 193 208 177 195 210 179
    195 210 179 200 220 191 191 204 172 186 195 162 194 206 176 190 201
    169 192 203 170 49 60 58 43 64 72 192 207 176 193 206 174 194 206
    170</data></centroids>
</opencv_storage>
