<?xml version="1.0"?>
<opencv_storage>
<centroids type_id="opencv-matrix">
  <rows>18</rows>
  <cols>1</cols>
  <dt>"3u"</dt>
  <data>
    181 185 150 28 64 80 193 211 180 198 218 189 194 209 178 194 207 175
    154 136 105 185 192 157 195 208 176 193 209 178 170 163 130 165 165
    149 167 156 124 194 207 175 194 207 175 195 210 179 176 175 141 145
    153 136</data></centroids>
</opencv_storage>
