<?xml version="1.0"?>
<opencv_storage>
<centroids type_id="opencv-matrix">
  <rows>18</rows>
  <cols>1</cols>
  <dt>"3u"</dt>
  <data>
    167 157 127 200 220 191 193 204 171 194 209 178 183 186 154 194 212
    181 196 211 180 211 224 202 190 201 169 66 83 80 32 43 35 18 33 36
    185 189 154 190 203 171 197 216 197 21 40 45 192 205 173 194 212 181</data></centroids>
</opencv_storage>
