<?xml version="1.0"?>
<opencv_storage>
<centroids type_id="opencv-matrix">
  <rows>18</rows>
  <cols>1</cols>
  <dt>"3u"</dt>
  <data>
    192 203 170 192 207 176 193 208 177 195 211 180 189 196 163 26 65 97
    195 210 179 151 140 108 122 140 157 190 201 168 193 208 177 38 51 49
    184 190 155 195 215 186 219 221 192 196 214 183 194 213 180 190 203
    171</data></centroids>
</opencv_storage>
