<?xml version="1.0"?>
<opencv_storage>
<centroids type_id="opencv-matrix">
  <rows>18</rows>
  <cols>1</cols>
  <dt>"3u"</dt>
  <data>
    191 202 169 196 216 187 54 73 80 191 202 169 195 210 179 190 201 168
    111 105 100 193 206 174 194 212 181 199 215 184 179 178 144 193 208
    177 196 211 179 197 215 186 192 201 168 194 212 181 199 219 190 197
    217 188</data></centroids>
</opencv_storage>
