<?xml version="1.0"?>
<opencv_storage>
<centroids type_id="opencv-matrix">
  <rows>18</rows>
  <cols>1</cols>
  <dt>"3u"</dt>
  <data>
    201 211 175 31 52 50 193 208 177 199 219 190 136 141 112 180 181 147
    198 220 191 193 208 177 191 202 170 191 204 172 198 218 189 196 214
    183 197 215 186 199 212 180 188 199 166 191 202 170 200 215 187 191
    203 173</data></centroids>
</opencv_storage>
