<?xml version="1.0"?>
<opencv_storage>
<centroids type_id="opencv-matrix">
  <rows>18</rows>
  <cols>1</cols>
  <dt>"3u"</dt>
  <data>
    196 214 185 195 213 182 190 201 168 162 149 117 76 102 126 191 206
    175 194 206 176 197 217 188 95 107 119 180 184 149 195 211 180 194
    209 177 189 198 165 190 201 169 49 84 117 195 210 179 214 223 196
    195 210 179</data></centroids>
</opencv_storage>
