<?xml version="1.0"?>
<opencv_storage>
<centroids type_id="opencv-matrix">
  <rows>18</rows>
  <cols>1</cols>
  <dt>"3u"</dt>
  <data>
    19 26 29 74 86 92 195 208 176 200 209 176 192 207 176 197 215 186
    195 211 180 166 176 163 19 27 26 195 210 179 122 130 113 191 202 169
    190 203 171 191 204 172 191 202 169 196 214 183 189 198 165 189 208
    175</data></centroids>
</opencv_storage>
