<?xml version="1.0"?>
<opencv_storage>
<centroids type_id="opencv-matrix">
  <rows>18</rows>
  <cols>1</cols>
  <dt>"3u"</dt>
  <data>
    199 219 190 193 208 177 195 207 177 186 194 163 139 119 88 55 87 100
    190 203 171 22 35 33 155 140 108 9 17 16 196 214 183 195 211 180 199
    218 191 194 209 178 185 193 162 192 204 174 183 184 150 194 209 177</data></centroids>
</opencv_storage>
